%YAML:1.0
aruco_bc_dict: ARUCO_MIP_25h7
aruco_bc_nmarkers: 1
aruco_bc_mInfoType: 1
aruco_bc_markers:
   - { id:2, corners:[ [ -1.0000000149011612e-001,
       1.0000000149011612e-001, 0. ], [ 1.0000000149011612e-001,
       1.0000000149011612e-001, 0. ], [ 1.0000000149011612e-001,
       -1.0000000149011612e-001, 0. ], [ -1.0000000149011612e-001,
       -1.0000000149011612e-001, 0. ] ] }
