%YAML:1.0
aruco_bc_dict: ARUCO_MIP_36h12
aruco_bc_nmarkers: 13
aruco_bc_mInfoType: 1
aruco_bc_markers:
   - { id:5, corners:[ [ -2.5499999523162842e-01,
       -1.5299999713897705e-01, 0. ], [ -1.5299999713897705e-01,
       -1.5299999713897705e-01, 0. ], [ -1.5299999713897705e-01,
       -2.5499999523162842e-01, 0. ], [ -2.5499999523162842e-01,
       -2.5499999523162842e-01, 0. ] ] }
   - { id:227, corners:[ [ -5.0999999046325684e-02,
       -1.5299999713897705e-01, 0. ], [ 5.0999999046325684e-02,
       -1.5299999713897705e-01, 0. ], [ 5.0999999046325684e-02,
       -2.5499999523162842e-01, 0. ], [ -5.0999999046325684e-02,
       -2.5499999523162842e-01, 0. ] ] }
   - { id:85, corners:[ [ 1.5299999713897705e-01,
       -1.5299999713897705e-01, 0. ], [ 2.5499999523162842e-01,
       -1.5299999713897705e-01, 0. ], [ 2.5499999523162842e-01,
       -2.5499999523162842e-01, 0. ], [ 1.5299999713897705e-01,
       -2.5499999523162842e-01, 0. ] ] }
   - { id:166, corners:[ [ -1.5299999713897705e-01,
       -5.0999999046325684e-02, 0. ], [ -5.0999999046325684e-02,
       -5.0999999046325684e-02, 0. ], [ -5.0999999046325684e-02,
       -1.5299999713897705e-01, 0. ], [ -1.5299999713897705e-01,
       -1.5299999713897705e-01, 0. ] ] }
   - { id:244, corners:[ [ 5.0999999046325684e-02,
       -5.0999999046325684e-02, 0. ], [ 1.5299999713897705e-01,
       -5.0999999046325684e-02, 0. ], [ 1.5299999713897705e-01,
       -1.5299999713897705e-01, 0. ], [ 5.0999999046325684e-02,
       -1.5299999713897705e-01, 0. ] ] }
   - { id:144, corners:[ [ -2.5499999523162842e-01,
       5.0999999046325684e-02, 0. ], [ -1.5299999713897705e-01,
       5.0999999046325684e-02, 0. ], [ -1.5299999713897705e-01,
       -5.0999999046325684e-02, 0. ], [ -2.5499999523162842e-01,
       -5.0999999046325684e-02, 0. ] ] }
   - { id:90, corners:[ [ -5.0999999046325684e-02,
       5.0999999046325684e-02, 0. ], [ 5.0999999046325684e-02,
       5.0999999046325684e-02, 0. ], [ 5.0999999046325684e-02,
       -5.0999999046325684e-02, 0. ], [ -5.0999999046325684e-02,
       -5.0999999046325684e-02, 0. ] ] }
   - { id:214, corners:[ [ 1.5299999713897705e-01,
       5.0999999046325684e-02, 0. ], [ 2.5499999523162842e-01,
       5.0999999046325684e-02, 0. ], [ 2.5499999523162842e-01,
       -5.0999999046325684e-02, 0. ], [ 1.5299999713897705e-01,
       -5.0999999046325684e-02, 0. ] ] }
   - { id:153, corners:[ [ -1.5299999713897705e-01,
       1.5299999713897705e-01, 0. ], [ -5.0999999046325684e-02,
       1.5299999713897705e-01, 0. ], [ -5.0999999046325684e-02,
       5.0999999046325684e-02, 0. ], [ -1.5299999713897705e-01,
       5.0999999046325684e-02, 0. ] ] }
   - { id:7, corners:[ [ 5.0999999046325684e-02, 1.5299999713897705e-01,
       0. ], [ 1.5299999713897705e-01, 1.5299999713897705e-01, 0. ], [
       1.5299999713897705e-01, 5.0999999046325684e-02, 0. ], [
       5.0999999046325684e-02, 5.0999999046325684e-02, 0. ] ] }
   - { id:143, corners:[ [ -2.5499999523162842e-01,
       2.5499999523162842e-01, 0. ], [ -1.5299999713897705e-01,
       2.5499999523162842e-01, 0. ], [ -1.5299999713897705e-01,
       1.5299999713897705e-01, 0. ], [ -2.5499999523162842e-01,
       1.5299999713897705e-01, 0. ] ] }
   - { id:219, corners:[ [ -5.0999999046325684e-02,
       2.5499999523162842e-01, 0. ], [ 5.0999999046325684e-02,
       2.5499999523162842e-01, 0. ], [ 5.0999999046325684e-02,
       1.5299999713897705e-01, 0. ], [ -5.0999999046325684e-02,
       1.5299999713897705e-01, 0. ] ] }
   - { id:78, corners:[ [ 1.5299999713897705e-01, 2.5499999523162842e-01,
       0. ], [ 2.5499999523162842e-01, 2.5499999523162842e-01, 0. ], [
       2.5499999523162842e-01, 1.5299999713897705e-01, 0. ], [
       1.5299999713897705e-01, 1.5299999713897705e-01, 0. ] ] }
