%YAML:1.0
aruco_bc_dict: ARUCO_MIP_36h12
aruco_bc_nmarkers: 1
aruco_bc_mInfoType: 1
aruco_bc_markers:
   - { id:0, corners:[ [ -9.7999997437000275e-002,
       9.7999997437000275e-002, 0. ], [ 9.7999997437000275e-002,
       9.7999997437000275e-002, 0. ], [ 9.7999997437000275e-002,
       -9.7999997437000275e-002, 0. ], [ -9.7999997437000275e-002,
       -9.7999997437000275e-002, 0. ] ] }
