%YAML:1.0
aruco_bc_dict: ARUCO_MIP_36h12
aruco_bc_nmarkers: 9
aruco_bc_mInfoType: 1
aruco_bc_markers:
   - { id:0, corners:[ [ -9.7999997437000275e-002,
       9.7999997437000275e-002, 0. ], [ 9.7999997437000275e-002,
       9.7999997437000275e-002, 0. ], [ 9.7999997437000275e-002,
       -9.7999997437000275e-002, 0. ], [ -9.7999997437000275e-002,
       -9.7999997437000275e-002, 0. ] ] }
   - { id:1, corners:[ [ -4.9161866307258606e-001,
       -3.1357544660568237e-001, 2.1050435025244951e-003 ], [
       -4.9017307162284851e-001, -1.1758269369602203e-001,
       1.2397877871990204e-003 ], [ -2.9418924450874329e-001,
       -1.1903727054595947e-001, -8.1501092063263059e-004 ], [
       -2.9563483595848083e-001, -3.1503003835678101e-001,
       5.0244794692844152e-005 ] ] }
   - { id:2, corners:[ [ 6.4170283079147339e-001,
       7.7474489808082581e-002, -2.4497975409030914e-001 ], [
       6.4660441875457764e-001, -1.1846402287483215e-001,
       -2.4524755775928497e-001 ], [ 4.5066827535629272e-001,
       -1.2336690723896027e-001, -2.4424384534358978e-001 ], [
       4.4576671719551086e-001, 7.2571605443954468e-002,
       -2.4397604167461395e-001 ] ] }
   - { id:3, corners:[ [ -1.0318849086761475e+000,
       2.4959966540336609e-002, -2.5084862112998962e-001 ], [
       -8.3707684278488159e-001, 4.6477869153022766e-002,
       -2.5252249836921692e-001 ], [ -8.1556618213653564e-001,
       -1.4833599328994751e-001, -2.5344231724739075e-001 ], [
       -1.0103743076324463e+000, -1.6985389590263367e-001,
       -2.5176844000816345e-001 ] ] }
   - { id:4, corners:[ [ -3.1624081730842590e-001,
       1.7180837690830231e-001, 8.5515296086668968e-004 ], [
       -4.8883807659149170e-001, 2.6464065909385681e-001,
       3.7463698536157608e-003 ], [ -3.9599052071571350e-001,
       4.3725341558456421e-001, 4.1592861525714397e-003 ], [
       -2.2339327633380890e-001, 3.4442111849784851e-001,
       1.2680692598223686e-003 ] ] }
   - { id:5, corners:[ [ 1.1079598218202591e-001,
       -4.1580252349376678e-002, -2.0861282944679260e-001 ], [
       1.1934904009103775e-001, -4.9642197787761688e-002,
       -1.2965574860572815e-002 ], [ 1.1273062974214554e-001,
       1.4606782793998718e-001, -4.6117156744003296e-003 ], [
       1.0417757183313370e-001, 1.5412977337837219e-001,
       -2.0025897026062012e-001 ] ] }
   - { id:6, corners:[ [ -3.3733096718788147e-001,
       -7.7197110652923584e-001, 3.9782607555389404e-001 ], [
       -1.4169469475746155e-001, -7.6495546102523804e-001,
       4.0748131275177002e-001 ], [ -1.5134277939796448e-001,
       -7.6532864570617676e-001, 6.0324335098266602e-001 ], [
       -3.4697905182838440e-001, -7.7234429121017456e-001,
       5.9358811378479004e-001 ] ] }
   - { id:9, corners:[ [ -3.8686302304267883e-001,
       1.0774221420288086e+000, 9.1730821877717972e-003 ], [
       -1.9099661707878113e-001, 1.0830552577972412e+000,
       4.6326201409101486e-003 ], [ -1.8539819121360779e-001,
       8.8714146614074707e-001, 3.0771063175052404e-003 ], [
       -3.8126459717750549e-001, 8.8150829076766968e-001,
       7.6175685971975327e-003 ] ] }
   - { id:10, corners:[ [ 8.1733727455139160e-001,
       -4.9746122956275940e-001, 4.1092401370406151e-003 ], [
       8.1608945131301880e-001, -6.9344621896743774e-001,
       2.0319565664976835e-003 ], [ 6.2010264396667480e-001,
       -6.9217848777770996e-001, 1.4858343638479710e-004 ], [
       6.2135046720504761e-001, -4.9619343876838684e-001,
       2.2258667740970850e-003 ] ] }
