%YAML:1.0
aruco_bc_dict: ARUCO_MIP_36h12
aruco_bc_nmarkers: 10
aruco_bc_mInfoType: 1
aruco_bc_markers:
   - { id:0, corners:[ [ -9.9999882280826569e-002,
       1.0000000894069672e-001, 0. ], [ 1.0000012069940567e-001,
       1.0000000894069672e-001, 0. ], [ 1.0000012069940567e-001,
       -9.9999994039535522e-002, 0. ], [ -9.9999882280826569e-002,
       -9.9999994039535522e-002, 0. ] ] }
   - { id:1, corners:[ [ 5.4858118295669556e-001,
       -8.8548690080642700e-002, -2.5286313891410828e-001 ], [
       5.3386831283569336e-001, 1.1090756952762604e-001,
       -2.5200521945953369e-001 ], [ 7.3329085111618042e-001,
       1.2563394010066986e-001, -2.5571933388710022e-001 ], [
       7.4800372123718262e-001, -7.3822319507598877e-002,
       -2.5657725334167480e-001 ] ] }
   - { id:2, corners:[ [ 8.0173546075820923e-001,
       -7.4263364076614380e-001, 4.4887477159500122e-001 ], [
       1.0015034675598145e+000, -7.3455911874771118e-001,
       4.5412439107894897e-001 ], [ 9.9598211050033569e-001,
       -7.2786504030227661e-001, 6.5393608808517456e-001 ], [
       7.9621410369873047e-001, -7.3593956232070923e-001,
       6.4868646860122681e-001 ] ] }
   - { id:3, corners:[ [ -1.0529438257217407e+000,
       2.7928806841373444e-002, -2.6936912536621094e-001 ], [
       -8.5412383079528809e-001, 4.9618653953075409e-002,
       -2.6897358894348145e-001 ], [ -8.3243113756179810e-001,
       -1.4919167757034302e-001, -2.7094328403472900e-001 ], [
       -1.0312511920928955e+000, -1.7088150978088379e-001,
       -2.7133882045745850e-001 ] ] }
   - { id:4, corners:[ [ -4.3972393870353699e-001,
       -7.7984249591827393e-001, 4.3459945917129517e-001 ], [
       -2.3981997370719910e-001, -7.7381861209869385e-001,
       4.3605741858482361e-001 ], [ -2.4125066399574280e-001,
       -7.7474486827850342e-001, 6.3605016469955444e-001 ], [
       -4.4115462899208069e-001, -7.8076875209808350e-001,
       6.3459217548370361e-001 ] ] }
   - { id:5, corners:[ [ -2.6632237434387207e-001,
       1.2361998856067657e-001, 7.8296090941876173e-004 ], [
       -4.6539589762687683e-001, 1.0443113744258881e-001,
       2.0143459551036358e-003 ], [ -4.8458158969879150e-001,
       3.0350798368453979e-001, 2.5772596709430218e-003 ], [
       -2.8550806641578674e-001, 3.2269686460494995e-001,
       1.3458746252581477e-003 ] ] }
   - { id:6, corners:[ [ -2.7322548627853394e-001,
       -1.7302301526069641e-001, -2.8624339029192924e-003 ], [
       -2.7391853928565979e-001, -3.7302127480506897e-001,
       -2.3978652898222208e-003 ], [ -4.7391498088836670e-001,
       -3.7233045697212219e-001, -3.3698445186018944e-003 ], [
       -4.7322192788124084e-001, -1.7233219742774963e-001,
       -3.8344131316989660e-003 ] ] }
   - { id:8, corners:[ [ 6.4685541391372681e-001,
       -1.5109698772430420e+000, 1.0944476127624512e+000 ], [
       4.4993257522583008e-001, -1.5146696567535400e+000,
       1.1291997432708740e+000 ], [ 4.1555982828140259e-001,
       -1.5301189422607422e+000, 9.3278223276138306e-001 ], [
       6.1248266696929932e-001, -1.5264191627502441e+000,
       8.9803004264831543e-001 ] ] }
   - { id:9, corners:[ [ -3.9902943372726440e-001,
       1.1101697683334351e+000, -1.2202700600028038e-002 ], [
       -1.9917705655097961e-001, 1.1160980463027954e+000,
       -1.7089940607547760e-002 ], [ -1.9317674636840820e-001,
       9.1620910167694092e-001, -1.4188122004270554e-002 ], [
       -3.9302912354469299e-001, 9.1028082370758057e-001,
       -9.3008810654282570e-003 ] ] }
   - { id:10, corners:[ [ 8.4097337722778320e-001,
       -5.0959348678588867e-001, 3.3986526541411877e-003 ], [
       8.4007877111434937e-001, -7.0956116914749146e-001,
       -8.2326820120215416e-005 ], [ 6.4008271694183350e-001,
       -7.0865142345428467e-001, -9.4416039064526558e-004 ], [
       6.4097732305526733e-001, -5.0868374109268188e-001,
       2.5368190836161375e-003 ] ] }
