%YAML:1.0
aruco_bc_dict: ARUCO_MIP_36h12
aruco_bc_nmarkers: 12
aruco_bc_mInfoType: 1
aruco_bc_markers:
   - { id:186, corners:[ [ -8.5000000894069672e-002,
       -6.5000005066394806e-002, 0. ], [ -3.5000000149011612e-002,
       -6.5000005066394806e-002, 0. ], [ -3.5000000149011612e-002,
       -1.1500000208616257e-001, 0. ], [ -8.5000000894069672e-002,
       -1.1500000208616257e-001, 0. ] ] }
   - { id:235, corners:[ [ -2.5000000372529030e-002,
       -6.5000005066394806e-002, 0. ], [ 2.5000000372529030e-002,
       -6.5000005066394806e-002, 0. ], [ 2.5000000372529030e-002,
       -1.1500000208616257e-001, 0. ], [ -2.5000000372529030e-002,
       -1.1500000208616257e-001, 0. ] ] }
   - { id:58, corners:[ [ 3.5000000149011612e-002,
       -6.5000005066394806e-002, 0. ], [ 8.5000000894069672e-002,
       -6.5000005066394806e-002, 0. ], [ 8.5000000894069672e-002,
       -1.1500000208616257e-001, 0. ], [ 3.5000000149011612e-002,
       -1.1500000208616257e-001, 0. ] ] }
   - { id:143, corners:[ [ -8.5000000894069672e-002,
       -5.0000003539025784e-003, 0. ], [ -3.5000000149011612e-002,
       -5.0000003539025784e-003, 0. ], [ -3.5000000149011612e-002,
       -5.5000003427267075e-002, 0. ], [ -8.5000000894069672e-002,
       -5.5000003427267075e-002, 0. ] ] }
   - { id:101, corners:[ [ -2.5000000372529030e-002,
       -5.0000003539025784e-003, 0. ], [ 2.5000000372529030e-002,
       -5.0000003539025784e-003, 0. ], [ 2.5000000372529030e-002,
       -5.5000003427267075e-002, 0. ], [ -2.5000000372529030e-002,
       -5.5000003427267075e-002, 0. ] ] }
   - { id:63, corners:[ [ 3.5000000149011612e-002,
       -5.0000003539025784e-003, 0. ], [ 8.5000000894069672e-002,
       -5.0000003539025784e-003, 0. ], [ 8.5000000894069672e-002,
       -5.5000003427267075e-002, 0. ], [ 3.5000000149011612e-002,
       -5.5000003427267075e-002, 0. ] ] }
   - { id:41, corners:[ [ -8.5000000894069672e-002,
       5.5000003427267075e-002, 0. ], [ -3.5000000149011612e-002,
       5.5000003427267075e-002, 0. ], [ -3.5000000149011612e-002,
       5.0000003539025784e-003, 0. ], [ -8.5000000894069672e-002,
       5.0000003539025784e-003, 0. ] ] }
   - { id:144, corners:[ [ -2.5000000372529030e-002,
       5.5000003427267075e-002, 0. ], [ 2.5000000372529030e-002,
       5.5000003427267075e-002, 0. ], [ 2.5000000372529030e-002,
       5.0000003539025784e-003, 0. ], [ -2.5000000372529030e-002,
       5.0000003539025784e-003, 0. ] ] }
   - { id:141, corners:[ [ 3.5000000149011612e-002,
       5.5000003427267075e-002, 0. ], [ 8.5000000894069672e-002,
       5.5000003427267075e-002, 0. ], [ 8.5000000894069672e-002,
       5.0000003539025784e-003, 0. ], [ 3.5000000149011612e-002,
       5.0000003539025784e-003, 0. ] ] }
   - { id:188, corners:[ [ -8.5000000894069672e-002,
       1.1500000208616257e-001, 0. ], [ -3.5000000149011612e-002,
       1.1500000208616257e-001, 0. ], [ -3.5000000149011612e-002,
       6.5000005066394806e-002, 0. ], [ -8.5000000894069672e-002,
       6.5000005066394806e-002, 0. ] ] }
   - { id:81, corners:[ [ -2.5000000372529030e-002,
       1.1500000208616257e-001, 0. ], [ 2.5000000372529030e-002,
       1.1500000208616257e-001, 0. ], [ 2.5000000372529030e-002,
       6.5000005066394806e-002, 0. ], [ -2.5000000372529030e-002,
       6.5000005066394806e-002, 0. ] ] }
   - { id:217, corners:[ [ 3.5000000149011612e-002,
       1.1500000208616257e-001, 0. ], [ 8.5000000894069672e-002,
       1.1500000208616257e-001, 0. ], [ 8.5000000894069672e-002,
       6.5000005066394806e-002, 0. ], [ 3.5000000149011612e-002,
       6.5000005066394806e-002, 0. ] ] }
