%YAML:1.0
image_width: 640
image_height: 480
camera_matrix: !!opencv-matrix
   rows: 3
   cols: 3
   dt: d
   data: [ 1.0137654532260748e+03, 0., 3.3260661263578248e+02, 0.,
       1.0137462121918213e+03, 2.0782118976160967e+02, 0., 0., 1. ]
distortion_coefficients: !!opencv-matrix
   rows: 1
   cols: 5
   dt: d
   data: [ -2.8835071078516522e-01, 8.6915767758425255e-01,
       -3.5839004982475562e-03, -5.6766819817413933e-04,
       -2.1255048837404549e+00 ]
