%YAML:1.0
aruco_bc_dict: ARUCO_MIP_36h12
aruco_bc_nmarkers: 13
aruco_bc_mInfoType: 0
aruco_bc_markers:
   - { id:5, corners:[ [ -5000., -3000., 0. ], [ -3000., -3000., 0. ], [
       -3000., -5000., 0. ], [ -5000., -5000., 0. ] ] }
   - { id:227, corners:[ [ -1000., -3000., 0. ], [ 1000., -3000., 0. ],
       [ 1000., -5000., 0. ], [ -1000., -5000., 0. ] ] }
   - { id:85, corners:[ [ 3000., -3000., 0. ], [ 5000., -3000., 0. ], [
       5000., -5000., 0. ], [ 3000., -5000., 0. ] ] }
   - { id:166, corners:[ [ -3000., -1000., 0. ], [ -1000., -1000., 0. ],
       [ -1000., -3000., 0. ], [ -3000., -3000., 0. ] ] }
   - { id:244, corners:[ [ 1000., -1000., 0. ], [ 3000., -1000., 0. ], [
       3000., -3000., 0. ], [ 1000., -3000., 0. ] ] }
   - { id:144, corners:[ [ -5000., 1000., 0. ], [ -3000., 1000., 0. ], [
       -3000., -1000., 0. ], [ -5000., -1000., 0. ] ] }
   - { id:90, corners:[ [ -1000., 1000., 0. ], [ 1000., 1000., 0. ], [
       1000., -1000., 0. ], [ -1000., -1000., 0. ] ] }
   - { id:214, corners:[ [ 3000., 1000., 0. ], [ 5000., 1000., 0. ], [
       5000., -1000., 0. ], [ 3000., -1000., 0. ] ] }
   - { id:153, corners:[ [ -3000., 3000., 0. ], [ -1000., 3000., 0. ], [
       -1000., 1000., 0. ], [ -3000., 1000., 0. ] ] }
   - { id:7, corners:[ [ 1000., 3000., 0. ], [ 3000., 3000., 0. ], [
       3000., 1000., 0. ], [ 1000., 1000., 0. ] ] }
   - { id:143, corners:[ [ -5000., 5000., 0. ], [ -3000., 5000., 0. ], [
       -3000., 3000., 0. ], [ -5000., 3000., 0. ] ] }
   - { id:219, corners:[ [ -1000., 5000., 0. ], [ 1000., 5000., 0. ], [
       1000., 3000., 0. ], [ -1000., 3000., 0. ] ] }
   - { id:78, corners:[ [ 3000., 5000., 0. ], [ 5000., 5000., 0. ], [
       5000., 3000., 0. ], [ 3000., 3000., 0. ] ] }
