%YAML:1.0
image_width: 640
image_height: 480
camera_matrix: !!opencv-matrix
   rows: 3
   cols: 3
   dt: d
   data: [ 6.0502874448181353e+02, 0., 3.1782128841649808e+02, 0.,
       6.0695126791819769e+02, 2.4033367493815692e+02, 0., 0., 1. ]
distortion_coefficients: !!opencv-matrix
   rows: 1
   cols: 5
   dt: d
   data: [ 8.5068770236345320e-02, 4.4244444967013380e-02,
       -2.8880044904770609e-03, -2.1898942164728730e-03,
       -6.6196266600783937e-01 ]
