%YAML:1.0
image_width: 640
image_height: 480
camera_matrix: !!opencv-matrix
   rows: 3
   cols: 3
   dt: d
   data: [ 9.5084668783040991e+02, 0., 3.3237105563367970e+02, 0.,
       9.6096718392629180e+02, 3.3045172631191303e+02, 0., 0., 1. ]
distortion_coefficients: !!opencv-matrix
   rows: 1
   cols: 5
   dt: d
   data: [ 4.1380250303386595e-01, -6.9118135673095145e+00,
       -6.0234526401318905e-03, -1.1381552368156142e-02,
       2.0709151302312083e+01 ]
