%YAML:1.0
image_width: 640
image_height: 480
camera_matrix: !!opencv-matrix
   rows: 3
   cols: 3
   dt: f
   data: [ 5.98193542e+002, 0., 3.18484528e+002, 0., 5.98330811e+002,
       2.43378036e+002, 0., 0., 1. ]
distortion_coefficients: !!opencv-matrix
   rows: 1
   cols: 5
   dt: f
   data: [ 1.40591934e-001, -3.74038279e-001, -1.34296133e-003,
       -1.29383407e-003, 2.28324145e-001 ]
